Removing 0 polarity files
[[ 317  355  366  114]
 [  27   54  122   53]
 [   2   26  196  353]
 [   6   42  540 1957]]
 
 (0.55717439293598237, 0.55717439293598237, 0.55717439293598237, None)
 
Keeping 0 polarity files
 [[ 318  354  396  131]
 [  27   54  125   57]
 [   2   26  185  374]
 [   6   42  488 2030]]
(0.56056338028169017, 0.56056338028169017, 0.56056338028169017, None)

2 clusters
[[ 206  466  474   53]
 [  17   64  157   25]
 [   2   26  320  239]
 [   1   47  979 1539]]
(0.46132177681473457, 0.46132177681473457, 0.46132177681473457, None)

5 clusters 4,5,5,5,5      
[[ 466  206  322  205]
 [  54   27   95   87]
 [   7   21  102  457]
 [  16   32  255 2263]]
(0.61928494041170101, 0.61928494041170101, 0.61928494041170101, None)

5 clusters 4,4,5,5,5
[[ 261  411  452   75]
 [  19   62  150   32]
 [   2   26  269  290]
 [   4   44  772 1746]]
(0.50660888407367277, 0.50660888407367277, 0.50660888407367277, None)

6 clusters 4,5,5,5,5,5
[[ 489  183  265  262]
 [  57   24   71  111]
 [   8   20   68  491]
 [  18   30  146 2372]]
(0.63986998916576376, 0.63986998916576376, 0.63986998916576376, None)