Staring with kmeans++
Centroid 0 -> 0.0466947655346
Centroid 1 -> 0.702816054817
Centroid 2 -> 0.413468451576
Centroid 3 -> -0.267732743706
Centroid 4 -> 0.22937556614
----------------------------------------------------------------------------------------------------
[[ 43378  92936  19767   3058    672]
 [ 12871  78821  40877   7070    969]
 [  5179  77353 104229  31226   4732]
 [  3363  78507 223458 131161  30110]
 [  3233  59330 221491 222600  72873]]
(0.27430821072808653, 0.27430821072808653, 0.27430821072808653, None)