=================================================================================================
Shopping
-------------------------------------------------------------------------------------------------

* 1000
[[ 2591  3853  1371   338    78]
 [  610  2230  1486   506    92]
 [  332  2714  3731  2028   439]
 [  198  2873  7187  6745  2389]
 [  123  2438  8505 12591  6735]]
(0.31066871701093057, 0.31066871701093057, 0.31066871701093057, None)

===================================================================================================
Grocery
---------------------------------------

* 300
(0.33901451231859603, 0.33901451231859603, 0.33901451231859603, None)

* 1000
[[ 565  688  233   57   15]
 [ 225  597  364  120   23]
 [ 111  764  950  559  112]
 [  78  824 2060 2165  786]
 [  37  443 1434 2193 1281]]
=================================================================================================
Fast Food
----------------------------------------------
* 1000
[[1464 1964  694  189   35]
 [ 329 1317 1101  402   69]
 [ 131 1111 1934 1362  297]
 [  82  974 2897 3364 1247]
 [  48  714 2044 3470 2000]]
(0.34471083142378328, 0.34471083142378328, 0.34471083142378328, None)
=======================================================================================
Restaurants
--------------------

* 1000
[[ 26504  28502   8818   2037    486]
 [ 10586  31810  20899   6809   1133]
 [  3857  31414  47688  27168   5951]
 [  2305  31845  88913  94991  37233]
 [  1659  21607  73496 115722  69408]]
(0.34191575803480095, 0.34191575803480095, 0.34191575803480095, None)