Adding subjectivity:
-------------------------------------------
Shopping Approach 2
---------------
----------------------------------------------------------------------------------------------------
[[ 3875  3799  3295   392    61]
 [ 1223  1680  3094   574    64]
 [  766  2061  5838  2304   386]
 [  570  2623 10345  8170  1870]
 [  414  2709 10941 15709  5595]]
(0.28472803820819848, 0.28472803820819848, 0.28472803820819848, None)

-----------------------------------------------------------------------------------------------
Approach 1:
[[ 66169  52812  35763   4255    812]
 [ 29525  36237  63126  10426   1294]
 [ 15713  38092 118541  43954   6419]
 [ 10916  45950 204453 165215  40065]
 [  8691  44810 179811 254138  92077]]
(0.30475369345119752, 0.30475369345119752, 0.30475369345119752, None)
Approach 2: Doctors
[[ 284  968  716  188   22]
 [  25  201  155   95   10]
 [   5  135  105  147   19]
 [   4  166  135  469   91]
 [   7  335  346 1903  772]]
(0.25071888265096537, 0.25071888265096537, 0.25071888265096537, None)
Approach 3: Doctors
[[120 141  97  35   4]
 [  8  17  21  13   3]
 [  2  25  25  18  10]
 [  2  26  43  89  43]
 [  5  59 116 451 322]]
(0.33805309734513272, 0.33805309734513272, 0.33805309734513272, None)
Approach 4:
[[178  61  39 119]
 [ 16   1   9  36]
 [  8   7   8 180]
 [ 12   5  27 909]]
(0.67863777089783284, 0.67863777089783284, 0.67863777089783284, None)
Approach 5:
Predicting data
[[  33  901 1186   56    2]
 [   2  107  355   21    1]
 [   0   42  321   43    5]
 [   1   29  577  246   12]
 [   0   46 1633 1577  107]]
(0.11146104340681912, 0.11146104340681912, 0.11146104340681912, None)

-----------------------------------------------------------------------------------------------------------------
Approach 2:
[[ 3836  3737  3373   414    62]
 [ 1205  1659  3115   591    65]
 [  739  2034  5830  2355   397]
 [  548  2611 10123  8373  1923]
 [  400  2715 10582 15922  5749]]
(0.28799882297018947, 0.28799882297018947, 0.28799882297018947, None)

Approach 3:
[[1004  910  457  156   43]
 [ 265  410  418  182   44]
 [ 172  727  814  743  260]
 [  83  953 1308 2409 1277]
 [  88 1216 1637 5035 3885]]
(0.34789353363814501, 0.34789353363814501, 0.34789353363814501, None)

Approach 4: Shopping
[[ 1261   273   403   633]
 [  372   120   176   651]
 [  182   105   522  5221]
 [  191    85   660 10925]]
(0.5889807162534435, 0.5889807162534435, 0.5889807162534435, None)

Approach 5: in progress


