=================================================================================================
Shopping
-------------------------------------------------------------------------------------------------
Centroid 0 -> 0.0160967149638
Centroid 1 -> 0.665083206937
Centroid 2 -> 0.383094261574
Centroid 3 -> 0.200902019758
Centroid 4 -> -0.332733821411
-------------------------------------------------------------------------------------------------
[[ 2045  7002  2049   279    47]
 [  414  3543  2238   396    44]
 [  234  3784  5347  1726   264]
 [  137  3986 11452  6664  1339]
 [  109  3263 13508 14101  4387]]
(0.24882862898662261, 0.24882862898662261, 0.24882862898662261, None)
==================================================================================================
Grocery
--------------------------------------------------------------------------------------------------
Centroid 0 -> 0.383816665869
Centroid 1 -> 0.015239991901
Centroid 2 -> 0.201899712256
Centroid 3 -> -0.329827493442
Centroid 4 -> 0.670157401525
--------------------------------------------------------------------------------------------------
[[ 453 1244  294   52    7]
 [ 135  979  526   91   14]
 [  76 1071 1438  465   53]
 [  57 1145 3545 2095  411]
 [  28  596 2528 2538  744]]
(0.27733786737915961, 0.27733786737915961, 0.27733786737915961, None)
====================================================================================================
Pizza
----------------------------------------------------------------------------------------------------
Centroid 0 -> 0.428332175933
Centroid 1 -> 0.0385953428641
Centroid 2 -> 0.234169708388
Centroid 3 -> -0.300132294369
Centroid 4 -> 0.729838596158
----------------------------------------------------------------------------------------------------
[[ 2150  4590   972   157    38]
 [  581  3981  2136   373    44]
 [  207  3522  5185  1609   245]
 [  138  3845 12094  7035  1689]
 [  155  2663 10923 11314  3943]]
(0.28011408611742827, 0.28011408611742827, 0.28011408611742827, None)
======================================================================================================
Food
-----------------------------------
Centroid 0 -> 0.0395066265833
Centroid 1 -> 0.412212637741
Centroid 2 -> 0.705651052746
Centroid 3 -> -0.283328712993
Centroid 4 -> 0.226393242658
----------------------------------------------------------------------------------------------------
[[ 5616 10721  2295   372    81]
 [ 2007 10569  5430   985   137]
 [  911 11287 15025  4457   742]
 [  637 12838 35432 20138  4412]
 [  590  9187 33770 33653 11442]]
(0.26979298254659828, 0.26979298254659828, 0.26979298254659828, None)
======================================================================================================
Fast Food
----------------------------------------------------------------------
Centroid 0 -> -0.027541740092
Centroid 1 -> 0.379776690796
Centroid 2 -> -0.382862485836
Centroid 3 -> 0.178685380305
Centroid 4 -> 0.70096749006
----------------------------------------------------------------------------------------------------
[[1247 2917  799  110   26]
 [ 266 1840 1437  290   26]
 [ 112 1474 2883 1027  148]
 [  72 1284 4613 3188  589]
 [  46  876 3245 3688 1228]]
(0.31066973766863093, 0.31066973766863093, 0.31066973766863093, None)
======================================================================================================
Restaurants
------------------------------------------------------------------------------------------------------
Centroid 0 -> 0.230430749176
Centroid 1 -> 0.0428087615924
Centroid 2 -> 0.711865512143
Centroid 3 -> 0.418151100043
Centroid 4 -> -0.280295370973
----------------------------------------------------------------------------------------------------
[[ 24539  49739  10852   1681    381]
 [  8413  53668  29620   5138    696]
 [  3053  49941  74374  22818   3389]
 [  2036  47853 152173  94997  22317]
 [  1830  29300 122308 133297  45746]]
(0.29623929086136669, 0.29623929086136669, 0.29623929086136669, None)
=========================================================================================================
