=================================================================================================
Shopping
-------------------------------------------------------------------------------------------------
5 Clus
[[ 3113  1349  2356  1413]
 [  813   686  1731  1694]
 [  293   507  3303 15289]
 [  209   377  3133 26673]]
(0.56579302891110506, 0.56579302891110506, 0.56579302891110506, None)
==================================================================================================
Grocery
---------------------------------------
[[ 627  263  426  242]
 [ 247  210  449  423]
 [ 100  152  925 4736]
 [  42   74  524 4748]]
(0.49727201870615745, 0.49727201870615745, 0.49727201870615745, None)
===================================================================================================
Fast Food
------------------------
[[155  19  68  38]
 [ 44  17  57  64]
 [ 41  14 128 647]
 [ 31  18 152 948]]
(0.51126587464154039, 0.51126587464154039, 0.51126587464154039, None)
===================================================================================================
Restaurants
------------------------


========================================
Doctors
--------------------------------------
[[ 548  225  314  326]
 [  69   34   85  134]
 [   8   24   79  562]
 [  19   33  173 2622]]
(0.66968325791855199, 0.66968325791855199, 0.66968325791855199, None)